0; 0; 0.05; 0.07; 0; 0; 0; 0; 0; 0; 0; 0; 0; 0; 0; 0; 0; 0; 0; 0; 0; 0; 0.002; 0.001; 0.05; 0.1; 0; 0; 0.05; 0.1; 0; 0.001; 0.002; 0.1; 0; 0.1; 0.1; 0.1; 0.05; 0; 0;0.3
0; 0; 0.05; 0.07; 0; 0; 0; 0; 0; 0; 0; 0; 0; 0; 0; 0; 0; 0; 0; 0; 0; 0; 0.003; 0.002; 0.067; 0.1; 0; 0; 0.067; 0.067; 0; 0.002; 0.003; 0.1; 0; 0.05; 0.067; 0.1; 0.067; 0; 0;0.3
0; 0; 0.05; 0.07; 0; 0; 0; 0; 0; 0; 0; 0; 0; 0; 0; 0; 0; 0; 0; 0; 0; 0; 0.004; 0.003; 0.075; 0.1; 0; 0; 0.075; 0.05; 0; 0.003; 0.004; 0.1; 0; 0.033; 0.05; 0.1; 0.075; 0; 0;0.3
0; 0; 0.05; 0.07; 0; 0; 0; 0; 0; 0; 0; 0; 0; 0; 0; 0; 0; 0; 0; 0; 0; 0; 0.005; 0.004; 0.08; 0.1; 0; 0; 0.08; 0.04; 0; 0.004; 0.005; 0.1; 0; 0.025; 0.04; 0.1; 0.08; 0; 0;0.3
0; 0; 0.05; 0.07; 0; 0; 0; 0; 0; 0; 0; 0; 0; 0; 0; 0; 0; 0; 0; 0; 0; 0; 0.006; 0.005; 0.083; 0.1; 0; 0; 0.083; 0.033; 0; 0.005; 0.006; 0.1; 0; 0.02; 0.033; 0.1; 0.083; 0; 0;0.3
0; 0; 0.05; 0.07; 0; 0; 0; 0; 0; 0; 0; 0; 0; 0; 0; 0; 0; 0; 0; 0; 0; 0; 0.007; 0.006; 0.086; 0.1; 0; 0; 0.086; 0.029; 0; 0.006; 0.007; 0.1; 0; 0.017; 0.029; 0.1; 0.086; 0; 0;0.3
0; 0; 0.05; 0.07; 0; 0; 0; 0; 0; 0; 0; 0; 0; 0; 0; 0; 0; 0; 0; 0; 0; 0; 0.008; 0.007; 0.088; 0.1; 0; 0; 0.088; 0.025; 0; 0.007; 0.008; 0.1; 0; 0.014; 0.025; 0.1; 0.088; 0; 0;0.3
0; 0; 0.05; 0.07; 0; 0; 0; 0; 0; 0; 0; 0; 0; 0; 0; 0; 0; 0; 0; 0; 0; 0; 0.009; 0.008; 0.089; 0.1; 0; 0; 0.089; 0.022; 0; 0.008; 0.009; 0.1; 0; 0.012; 0.022; 0.1; 0.089; 0; 0;0.3
0; 0; 0.05; 0.07; 0; 0; 0; 0; 0; 0; 0; 0; 0; 0; 0; 0; 0; 0; 0; 0; 0; 0; 0.01; 0.009; 0.09; 0.1; 0; 0; 0.09; 0.02; 0; 0.009; 0.01; 0.1; 0; 0.011; 0.02; 0.1; 0.09; 0; 0;0.3
0; 0; 0.05; 0.07; 0; 0; 0; 0; 0; 0; 0; 0; 0; 0; 0; 0; 0; 0; 0; 0; 0; 0; 0.011; 0.01; 0.091; 0.1; 0; 0; 0.091; 0.018; 0; 0.01; 0.011; 0.1; 0; 0.01; 0.018; 0.1; 0.091; 0; 0;0.3
0; 0; 0.05; 0.07; 0; 0; 0; 0; 0; 0; 0; 0; 0; 0; 0; 0; 0; 0; 0; 0; 0; 0; 0.012; 0.011; 0.092; 0.1; 0; 0; 0.092; 0.017; 0; 0.011; 0.012; 0.1; 0; 0.009; 0.017; 0.1; 0.092; 0; 0;0.3
0; 0; 0.05; 0.07; 0; 0; 0; 0; 0; 0; 0; 0; 0; 0; 0; 0; 0; 0; 0; 0; 0; 0; 0.013; 0.012; 0.092; 0.1; 0; 0; 0.092; 0.015; 0; 0.012; 0.013; 0.1; 0; 0.008; 0.015; 0.1; 0.092; 0; 0;0.3
0; 0; 0.05; 0.07; 0; 0; 0; 0; 0; 0; 0; 0; 0; 0; 0; 0; 0; 0; 0; 0; 0; 0; 0.014; 0.013; 0.093; 0.1; 0; 0; 0.093; 0.014; 0; 0.013; 0.014; 0.1; 0; 0.008; 0.014; 0.1; 0.093; 0; 0;0.3
0; 0; 0.05; 0.07; 0; 0; 0; 0; 0; 0; 0; 0; 0; 0; 0; 0; 0; 0; 0; 0; 0; 0; 0.015; 0.014; 0.093; 0.1; 0; 0; 0.093; 0.013; 0; 0.014; 0.015; 0.1; 0; 0.007; 0.013; 0.1; 0.093; 0; 0;0.3
0; 0; 0.05; 0.07; 0; 0; 0; 0; 0; 0; 0; 0; 0; 0; 0; 0; 0; 0; 0; 0; 0; 0; 0.016; 0.015; 0.094; 0.1; 0; 0; 0.094; 0.012; 0; 0.015; 0.016; 0.1; 0; 0.007; 0.012; 0.1; 0.094; 0; 0;0.3
0; 0; 0.12; 0.07; 0; 0; 0; 0; 0; 0; 0; 0; 0; 0; 0; 0; 0; 0; 0; 0; 0; 0; 0.063; 0.001; 0.1; 0.1; 0; 0; 0.002; 0.008; 0; 0.001; 0.001; 0.1; 0; 0.1; 0; 0.1; 0.1; 0; 0;0.3
0; 0; 0.12; 0.07; 0; 0; 0; 0; 0; 0; 0; 0; 0; 0; 0; 0; 0; 0; 0; 0; 0; 0; 0.101; 0.012; 0.1; 0.1; 0; 0; 0.012; 0.006; 0; 0.002; 0.001; 0.05; 0.1; 0.05; 0; 0.1; 0.1; 0; 0;0.3
0; 0; 0.12; 0.07; 0; 0; 0; 0; 0; 0; 0; 0; 0; 0; 0; 0; 0; 0; 0; 0; 0; 0; 0.102; 0.013; 0.1; 0.1; 0; 0; 0.013; 0.006; 0; 0.003; 0.002; 0.067; 0.067; 0.033; 0; 0.1; 0.1; 0; 0;0.3
0; 0; 0.12; 0.07; 0; 0; 0; 0; 0; 0; 0; 0; 0; 0; 0; 0; 0; 0; 0; 0; 0; 0; 0.103; 0.001; 0.1; 0.1; 0; 0; 0.001; 0.007; 0; 0.004; 0.001; 0.025; 0.075; 0.025; 0; 0.1; 0.1; 0; 0;0.3
0; 0; 0.12; 0.07; 0; 0; 0; 0; 0; 0; 0; 0; 0; 0; 0; 0; 0; 0; 0; 0; 0; 0; 0.104; 0.002; 0.1; 0.1; 0; 0; 0.002; 0.007; 0; 0.005; 0.002; 0.04; 0.06; 0.02; 0; 0.1; 0.1; 0; 0;0.3
0; 0; 0.12; 0.07; 0; 0; 0; 0; 0; 0; 0; 0; 0; 0; 0; 0; 0; 0; 0; 0; 0; 0; 0.105; 0.003; 0.1; 0.1; 0; 0; 0.003; 0.007; 0; 0.006; 0.003; 0.05; 0.05; 0.017; 0; 0.1; 0.1; 0; 0;0.3
0; 0; 0.12; 0.07; 0; 0; 0; 0; 0; 0; 0; 0; 0; 0; 0; 0; 0; 0; 0; 0; 0; 0; 0.106; 0.004; 0.1; 0.1; 0; 0; 0.004; 0.007; 0; 0.007; 0.004; 0.057; 0.043; 0.014; 0; 0.1; 0.1; 0; 0;0.3
0; 0; 0.12; 0.07; 0; 0; 0; 0; 0; 0; 0; 0; 0; 0; 0; 0; 0; 0; 0; 0; 0; 0; 0.107; 0.005; 0.1; 0.1; 0; 0; 0.005; 0.007; 0; 0.008; 0.005; 0.062; 0.038; 0.012; 0; 0.1; 0.1; 0; 0;0.3
0; 0; 0.12; 0.07; 0; 0; 0; 0; 0; 0; 0; 0; 0; 0; 0; 0; 0; 0; 0; 0; 0; 0; 0.108; 0.006; 0.1; 0.1; 0; 0; 0.006; 0.006; 0; 0.009; 0.006; 0.067; 0.033; 0.011; 0; 0.1; 0.1; 0; 0;0.3
0; 0; 0.12; 0.07; 0; 0; 0; 0; 0; 0; 0; 0; 0; 0; 0; 0; 0; 0; 0; 0; 0; 0; 0.109; 0.007; 0.1; 0.1; 0; 0; 0.006; 0.006; 0; 0.01; 0.007; 0.07; 0.03; 0.01; 0; 0.1; 0.1; 0; 0;0.3
0; 0; 0.12; 0.07; 0; 0; 0; 0; 0; 0; 0; 0; 0; 0; 0; 0; 0; 0; 0; 0; 0; 0; 0.11; 0.008; 0.1; 0.1; 0; 0; 0.007; 0.006; 0; 0.011; 0.008; 0.073; 0.027; 0.009; 0; 0.1; 0.1; 0; 0;0.3
0; 0; 0.12; 0.07; 0; 0; 0; 0; 0; 0; 0; 0; 0; 0; 0; 0; 0; 0; 0; 0; 0; 0; 0.064; 0.002; 0.1; 0.1; 0; 0; 0.003; 0.008; 0; 0.012; 0.002; 0.017; 0.025; 0.008; 0; 0.1; 0.1; 0; 0;0.3
0; 0; 0.12; 0.07; 0; 0; 0; 0; 0; 0; 0; 0; 0; 0; 0; 0; 0; 0; 0; 0; 0; 0; 0.111; 0.009; 0.1; 0.1; 0; 0; 0.008; 0.006; 0; 0.013; 0.009; 0.069; 0.023; 0.008; 0; 0.1; 0.1; 0; 0;0.3
0; 0; 0.12; 0.07; 0; 0; 0; 0; 0; 0; 0; 0; 0; 0; 0; 0; 0; 0; 0; 0; 0; 0; 0.112; 0.01; 0.1; 0.1; 0; 0; 0.009; 0.006; 0; 0.014; 0.01; 0.071; 0.021; 0.007; 0; 0.1; 0.1; 0; 0;0.3
0; 0; 0.12; 0.07; 0; 0; 0; 0; 0; 0; 0; 0; 0; 0; 0; 0; 0; 0; 0; 0; 0; 0; 0.113; 0.011; 0.1; 0.1; 0; 0; 0.01; 0.006; 0; 0.015; 0.011; 0.073; 0.02; 0.007; 0; 0.1; 0.1; 0; 0;0.3
0; 0; 0; 0; 0.00215; 0.45076; 0; 0; 0; 0; 0; 0.1; 0; 0; 0; 0; 0; 0; 0; 0; 0; 0; 0.001; 0.001; 0; 0; 0; 0; 0.1; 0; 0; 0; 0; 0; 0; 0; 0; 0; 0; 0; 0;0.0
0; 0; 0; 0; 0.00162; 0.04528; 0; 0; 0; 0; 0; 0.1; 0; 0; 0; 0; 0; 0; 0; 0; 0; 0; 0.002; 0.002; 0; 0; 0; 0; 0.1; 0; 0; 0.001; 0.001; 0.1; 0; 0.1; 0; 0; 0; 0; 0;0.0
0; 0; 0; 0; 0.00236; 0.01228; 0; 0; 0; 0; 0; 0.1; 0; 0; 0; 0; 0; 0; 0; 0; 0; 0; 0.001; 0.001; 0; 0; 0; 0; 0.1; 0; 0; 0.002; 0.002; 0.1; 0; 0.05; 0; 0; 0; 0; 0;0.0
0; 0; 0; 0; 0.00233; 0.02032; 0; 0; 0; 0; 0; 0.1; 0; 0; 0; 0; 0; 0; 0; 0; 0; 0; 0.002; 0.002; 0; 0; 0; 0; 0.1; 0; 0; 0.003; 0.003; 0.1; 0; 0.033; 0; 0; 0; 0; 0;0.0
0; 0; 0; 0; 0.00239; 0.00486; 0; 0; 0; 0; 0; 0.1; 0; 0; 0; 0; 0; 0; 0; 0; 0; 0; 0.003; 0.003; 0; 0; 0; 0; 0.1; 0; 0; 0.004; 0.004; 0.1; 0; 0.025; 0; 0; 0; 0; 0;0.0
0; 0; 0; 0; 0.00238; 0.01282; 0; 0; 0; 0; 0; 0.1; 0; 0; 0; 0; 0; 0; 0; 0; 0; 0; 0.004; 0.004; 0; 0; 0; 0; 0.1; 0; 0; 0.005; 0.005; 0.1; 0; 0.02; 0; 0; 0; 0; 0;0.0
0; 0; 0; 0; 0.00235; 0.01337; 0; 0; 0; 0; 0; 0.1; 0; 0; 0; 0; 0; 0; 0; 0; 0; 0; 0.005; 0.005; 0; 0; 0; 0; 0.1; 0; 0; 0.006; 0.006; 0.1; 0; 0.017; 0; 0; 0; 0; 0;0.0
0; 0; 0; 0; 0.00234; 0.01364; 0; 0; 0; 0; 0; 0.1; 0; 0; 0; 0; 0; 0; 0; 0; 0; 0; 0.006; 0.006; 0; 0; 0; 0; 0.1; 0; 0; 0.007; 0.007; 0.1; 0; 0.014; 0; 0; 0; 0; 0;0.0
0; 0; 0; 0; 0.00239; 0.01295; 0; 0; 0; 0; 0; 0.1; 0; 0; 0; 0; 0; 0; 0; 0; 0; 0; 0.007; 0.007; 0; 0; 0; 0; 0.1; 0; 0; 0.008; 0.008; 0.1; 0; 0.012; 0; 0; 0; 0; 0;0.0
0; 0; 0; 0; 0.00181; 0.0545; 0; 0; 0; 0; 0; 0.1; 0; 0; 0; 0; 0; 0; 0; 0; 0; 0; 0.008; 0.008; 0; 0; 0; 0; 0.1; 0; 0; 0.009; 0.009; 0.1; 0; 0.011; 0; 0; 0; 0; 0;0.0
0; 0; 0; 0; 0.00184; 0.00124; 0; 0; 0; 0; 0; 0.1; 0; 0; 0; 0; 0; 0; 0; 0; 0; 0; 0.001; 0.001; 0; 0; 0; 0; 0.1; 0; 0; 0.01; 0.01; 0.1; 0; 0.01; 0; 0; 0; 0; 0;0.0
0; 0; 0; 0; 0.00185; 0.0902; 0; 0; 0; 0; 0; 0.1; 0; 0; 0; 0; 0; 0; 0; 0; 0; 0; 0.002; 0.002; 0; 0; 0; 0; 0.1; 0; 0; 0.011; 0.011; 0.1; 0; 0.009; 0; 0; 0; 0; 0;0.0
0; 0; 0; 0; 0.00239; 0.01295; 0; 0; 0; 0; 0; 0.1; 0; 0; 0; 0; 0; 0; 0; 0; 0; 0; 0.001; 0.001; 0; 0; 0; 0; 0.1; 0; 0; 0.012; 0.012; 0.1; 0; 0.008; 0; 0; 0; 0; 0;0.0
0; 0; 0; 0; 0.00181; 0.0545; 0; 0; 0; 0; 0; 0.1; 0; 0; 0; 0; 0; 0; 0; 0; 0; 0; 0.002; 0.002; 0; 0; 0; 0; 0.1; 0; 0; 0.013; 0.013; 0.1; 0; 0.008; 0; 0; 0; 0; 0;0.0
0; 0; 0; 0; 0.00236; 0.01228; 0; 0; 0; 0; 0; 0.1; 0; 0; 0; 0; 0; 0; 0; 0; 0; 0; 0.003; 0.003; 0; 0; 0; 0; 0.1; 0; 0; 0.014; 0.014; 0.1; 0; 0.007; 0; 0; 0; 0; 0;0.0
0; 0; 0; 0; 0.00233; 0.02032; 0; 0; 0; 0; 0; 0.1; 0; 0; 0; 0; 0; 0; 0; 0; 0; 0; 0.004; 0.004; 0; 0; 0; 0; 0.1; 0; 0; 0.015; 0.015; 0.1; 0; 0.007; 0; 0; 0; 0; 0;0.0
0; 0; 0; 0; 0.00238; 0.01282; 0; 0; 0; 0; 0; 0.1; 0; 0; 0; 0; 0; 0; 0; 0; 0; 0; 0.005; 0.005; 0; 0; 0; 0; 0.1; 0; 0; 0.016; 0.016; 0.1; 0; 0.006; 0; 0; 0; 0; 0;0.0
0; 0; 0; 0; 0.00235; 0.01337; 0; 0; 0; 0; 0; 0.1; 0; 0; 0; 0; 0; 0; 0; 0; 0; 0; 0.006; 0.006; 0; 0; 0; 0; 0.1; 0; 0; 0.017; 0.017; 0.1; 0; 0.006; 0; 0; 0; 0; 0;0.0
0; 0; 0; 0; 0.00234; 0.01364; 0; 0; 0; 0; 0; 0.1; 0; 0; 0; 0; 0; 0; 0; 0; 0; 0; 0.007; 0.007; 0; 0; 0; 0; 0.1; 0; 0; 0.018; 0.018; 0.1; 0; 0.006; 0; 0; 0; 0; 0;0.0
0; 0; 0; 0; 0.00239; 0.00486; 0; 0; 0; 0; 0; 0.1; 0; 0; 0; 0; 0; 0; 0; 0; 0; 0; 0.008; 0.008; 0; 0; 0; 0; 0.1; 0; 0; 0.019; 0.019; 0.1; 0; 0.005; 0; 0; 0; 0; 0;0.0
0; 0; 0; 0; 0.00185; 0.0902; 0; 0; 0; 0; 0; 0.1; 0; 0; 0; 0; 0; 0; 0; 0; 0; 0; 0.001; 0.001; 0; 0; 0; 0; 0.1; 0; 0; 0.02; 0.02; 0.1; 0; 0.005; 0; 0; 0; 0; 0;0.0
0; 0; 0; 0; 0.00184; 0.00124; 0; 0; 0; 0; 0; 0.1; 0; 0; 0; 0; 0; 0; 0; 0; 0; 0; 0.002; 0.002; 0; 0; 0; 0; 0.1; 0; 0; 0.021; 0.021; 0.1; 0; 0.005; 0; 0; 0; 0; 0;0.0
0; 0; 0; 0; 0.00181; 0.0545; 0; 0; 0; 0; 0; 0.1; 0; 0; 0; 0; 0; 0; 0; 0; 0; 0; 0.001; 0.001; 0; 0; 0; 0; 0.1; 0; 0; 0.022; 0.022; 0.1; 0; 0.005; 0; 0; 0; 0; 0;0.0
0; 0; 0; 0; 0.00239; 0.01295; 0; 0; 0; 0; 0; 0.1; 0; 0; 0; 0; 0; 0; 0; 0; 0; 0; 0.002; 0.002; 0; 0; 0; 0; 0.1; 0; 0; 0.023; 0.023; 0.1; 0; 0.004; 0; 0; 0; 0; 0;0.0
0; 0; 0; 0; 0.00236; 0.01228; 0; 0; 0; 0; 0; 0.1; 0; 0; 0; 0; 0; 0; 0; 0; 0; 0; 0.003; 0.003; 0; 0; 0; 0; 0.1; 0; 0; 0.024; 0.024; 0.1; 0; 0.004; 0; 0; 0; 0; 0;0.0
0; 0; 0; 0; 0.00233; 0.02032; 0; 0; 0; 0; 0; 0.1; 0; 0; 0; 0; 0; 0; 0; 0; 0; 0; 0.004; 0.004; 0; 0; 0; 0; 0.1; 0; 0; 0.025; 0.025; 0.1; 0; 0.004; 0; 0; 0; 0; 0;0.0
0; 0; 0; 0; 0.00239; 0.00486; 0; 0; 0; 0; 0; 0.1; 0; 0; 0; 0; 0; 0; 0; 0; 0; 0; 0.005; 0.005; 0; 0; 0; 0; 0.1; 0; 0; 0.026; 0.026; 0.1; 0; 0.004; 0; 0; 0; 0; 0;0.0
0; 0; 0; 0; 0.00238; 0.01282; 0; 0; 0; 0; 0; 0.1; 0; 0; 0; 0; 0; 0; 0; 0; 0; 0; 0.006; 0.006; 0; 0; 0; 0; 0.1; 0; 0; 0.027; 0.027; 0.1; 0; 0.004; 0; 0; 0; 0; 0;0.0
0; 0; 0; 0; 0.00235; 0.01337; 0; 0; 0; 0; 0; 0.1; 0; 0; 0; 0; 0; 0; 0; 0; 0; 0; 0.008; 0.008; 0; 0; 0; 0; 0.1; 0; 0; 0.029; 0.029; 0.1; 0; 0.003; 0; 0; 0; 0; 0;0.0
0; 0; 0; 0; 0.00215; 0.45076; 0; 0; 0; 0; 0; 0.1; 0; 0; 0; 0; 0; 0; 0; 0; 0; 0; 0.001; 0.004; 0; 0; 0; 0; 0.1; 0; 0.05; 0.03; 0.03; 0.1; 0; 0.003; 0; 0; 0; 0; 0;0.0
0; 0; 0.14; 0.05; 0; 0; 0; 0; 0; 0; 0; 0; 0; 0; 0; 0; 0; 0; 0; 0; 0; 0; 0.001; 0.001; 0; 0; 0.1; 0.1; 0.1; 0; 0; 0.171; 0.062; 0.027; 0.002; 0.001; 0.003; 0.001; 0; 0.029; 0.002;0.2
0.0001; 0; 0.12; 0.08; 0; 0; 0; 0; 0; 0; 0; 0; 0; 0; 0; 0; 0; 0; 0; 0; 0; 0; 0.004; 0.002; 0; 0; 0.1; 0.1; 0.05; 0.05; 0; 0.174; 0.002; 0.001; 0.003; 0.002; 0; 0.001; 0; 0.03; 0.1;0.2
0.0001; 0; 0.12; 0.08; 0; 0; 0; 0; 0; 0; 0; 0; 0; 0; 0; 0; 0; 0; 0; 0; 0; 0; 0.006; 0.002; 0; 0; 0.1; 0.1; 0.033; 0.05; 0; 0.176; 0.002; 0.001; 0.003; 0.003; 0; 0.001; 0; 0.031; 0.1;0.2
0.0001; 0; 0.12; 0.08; 0; 0; 0; 0; 0; 0; 0; 0; 0; 0; 0; 0; 0; 0; 0; 0; 0; 0; 0.008; 0.002; 0; 0; 0.1; 0.1; 0.025; 0.05; 0; 0.178; 0.002; 0.001; 0.004; 0.004; 0; 0.001; 0; 0.032; 0.1;0.2
0; 0; 0.12; 0.05; 0; 0; 0; 0; 0; 0; 0; 0; 0; 0; 0; 0; 0; 0; 0; 0; 0; 0; 0.009; 0.001; 0; 0; 0.1; 0.1; 0.011; 0.056; 0; 0.179; 0.001; 0.001; 0.004; 0.005; 0; 0.001; 0; 0.032; 0.1;0.2
0.0001; 0; 0.12; 0.08; 0; 0; 0; 0; 0; 0; 0; 0; 0; 0; 0; 0; 0; 0; 0; 0; 0; 0; 0.01; 0.002; 0; 0; 0.1; 0.1; 0.02; 0.05; 0; 0.18; 0.002; 0.001; 0.004; 0.006; 0; 0.001; 0; 0.033; 0.1;0.2
0; 0; 0.15; 0.05; 0; 0; 0; 0; 0; 0; 0; 0; 0; 0; 0; 0; 0; 0; 0; 0; 0; 0; 0.011; 0.001; 0; 0; 0.1; 0.1; 0.009; 0.055; 0; 0.181; 0.001; 0.001; 0.005; 0.006; 0; 0.001; 0; 0.033; 0.1;0.2
0.0001; 0; 0.15; 0.08; 0; 0; 0; 0; 0; 0; 0; 0; 0; 0; 0; 0; 0; 0; 0; 0; 0; 0; 0.012; 0.002; 0; 0; 0.1; 0.1; 0.017; 0.05; 0; 0.182; 0.002; 0.001; 0.005; 0.007; 0; 0.001; 0; 0.034; 0.1;0.2
0; 0; 0.12; 0.05; 0; 0; 0; 0; 0; 0; 0; 0; 0; 0; 0; 0; 0; 0; 0; 0; 0; 0; 0.013; 0.001; 0; 0; 0.1; 0.1; 0.008; 0.054; 0; 0.183; 0.001; 0.001; 0.005; 0.007; 0; 0.001; 0; 0.034; 0.1;0.2
0; 0; 0.16; 0.05; 0; 0; 0; 0; 0; 0; 0; 0; 0; 0; 0; 0; 0; 0; 0; 0; 0; 0; 0.015; 0.001; 0; 0; 0.1; 0.1; 0.007; 0.053; 0; 0.185; 0.001; 0.001; 0.006; 0.008; 0; 0.001; 0; 0.035; 0.1;0.2
0; 0; 0.12; 0.05; 0; 0; 0; 0; 0; 0; 0; 0; 0; 0; 0; 0; 0; 0; 0; 0; 0; 0; 0.017; 0.001; 0; 0; 0.1; 0.1; 0.006; 0.053; 0; 0.187; 0.001; 0.001; 0.006; 0.009; 0; 0.001; 0; 0.035; 0.1;0.2
0.0001; 0; 0.18; 0.08; 0; 0; 0; 0; 0; 0; 0; 0; 0; 0; 0; 0; 0; 0; 0; 0; 0; 0; 0.021; 0.002; 0; 0; 0.1; 0.1; 0.01; 0.052; 0; 0.191; 0.002; 0.001; 0.007; 0.011; 0; 0.001; 0; 0.037; 0.1;0.2
0; 0; 0.12; 0.05; 0; 0; 0; 0; 0; 0; 0; 0; 0; 0; 0; 0; 0; 0; 0; 0; 0; 0; 0.022; 0.001; 0; 0; 0.1; 0.1; 0.005; 0.055; 0; 0.192; 0.001; 0.001; 0.008; 0.011; 0; 0.001; 0; 0.037; 0.1;0.2
0.0001; 0; 0.12; 0.08; 0; 0; 0; 0; 0; 0; 0; 0; 0; 0; 0; 0; 0; 0; 0; 0; 0; 0; 0.023; 0.002; 0; 0; 0.1; 0.1; 0.009; 0.052; 0; 0.193; 0.002; 0.001; 0.008; 0.012; 0; 0.001; 0; 0.037; 0.1;0.2
0; 0; 0.12; 0.05; 0; 0; 0; 0; 0; 0; 0; 0; 0; 0; 0; 0; 0; 0; 0; 0; 0; 0; 0.024; 0.001; 0; 0; 0.1; 0.1; 0.004; 0.054; 0; 0.194; 0.001; 0.001; 0.008; 0.012; 0; 0.001; 0; 0.038; 0.1;0.2
0.0001; 0; 0.12; 0.08; 0; 0; 0; 0; 0; 0; 0; 0; 0; 0; 0; 0; 0; 0; 0; 0; 0; 0; 0.025; 0.002; 0; 0; 0.1; 0.1; 0.008; 0.052; 0; 0.195; 0.002; 0.001; 0.008; 0.013; 0; 0.001; 0; 0.038; 0.1;0.2
0; 0; 0.12; 0.05; 0; 0; 0; 0; 0; 0; 0; 0; 0; 0; 0; 0; 0; 0; 0; 0; 0; 0; 0.026; 0.001; 0; 0; 0.1; 0.1; 0.004; 0.054; 0; 0.196; 0.001; 0.001; 0.009; 0.013; 0; 0.001; 0; 0.038; 0.1;0.2
0.0001; 0; 0.12; 0.08; 0; 0; 0; 0; 0; 0; 0; 0; 0; 0; 0; 0; 0; 0; 0; 0; 0; 0; 0.027; 0.002; 0; 0; 0.1; 0.1; 0.007; 0.052; 0; 0.197; 0.002; 0.001; 0.009; 0.014; 0; 0.001; 0; 0.039; 0.1;0.2
0; 0; 0.12; 0.05; 0; 0; 0; 0; 0; 0; 0; 0; 0; 0; 0; 0; 0; 0; 0; 0; 0; 0; 0.028; 0.001; 0; 0; 0.1; 0.1; 0.004; 0.054; 0; 0.198; 0.001; 0.001; 0.009; 0.014; 0; 0.001; 0; 0.039; 0.1;0.2
0.0001; 0; 0.12; 0.08; 0; 0; 0; 0; 0; 0; 0; 0; 0; 0; 0; 0; 0; 0; 0; 0; 0; 0; 0.029; 0.002; 0; 0; 0.1; 0.1; 0.007; 0.052; 0; 0.199; 0.002; 0.001; 0.009; 0.015; 0; 0.001; 0; 0.039; 0.1;0.2
0; 0; 0.12; 0.05; 0; 0; 0; 0; 0; 0; 0; 0; 0; 0; 0; 0; 0; 0; 0; 0; 0; 0; 0.03; 0.001; 0; 0; 0.1; 0.1; 0.003; 0.053; 0; 0.2; 0.001; 0; 0.009; 0.015; 0; 0.001; 0; 0.04; 0.1;0.2
0.0001; 0; 0.12; 0.08; 0; 0; 0; 0; 0; 0; 0; 0; 0; 0; 0; 0; 0; 0; 0; 0; 0; 0; 0.031; 0.002; 0; 0; 0.1; 0.1; 0.006; 0.052; 0; 0.201; 0.002; 0.001; 0.009; 0.015; 0; 0.001; 0; 0.04; 0.1;0.2
0; 0; 0.05; 0.06; 0; 0; 0; 0; 0; 0; 0; 0; 0; 0; 0; 0; 0; 0; 0; 0; 0; 0; 0.034; 0.001; 0; 0; 0.1; 0.1; 0.003; 0.053; 0; 0.204; 0.054; 0.026; 0.01; 0.017; 0; 0.001; 0.004; 0.041; 0.093;0.2
0; 0; 0.07; 0.06; 0; 0; 0; 0; 0; 0; 0; 0; 0; 0; 0; 0; 0; 0; 0; 0; 0; 0; 0.035; 0.001; 0; 0; 0.1; 0.1; 0.003; 0.054; 0; 0.205; 0.001; 0; 0.01; 0.017; 0; 0.001; 0; 0.041; 0.1;0.2
0.0001; 0; 0.12; 0.08; 0; 0; 0; 0; 0; 0; 0; 0; 0; 0; 0; 0; 0; 0; 0; 0; 0; 0; 0.037; 0.002; 0; 0; 0.1; 0.1; 0.005; 0.054; 0; 0.207; 0.002; 0.001; 0.011; 0.018; 0; 0.001; 0; 0.042; 0.1;0.2
0; 0; 0.12; 0.05; 0; 0; 0; 0; 0; 0; 0; 0; 0; 0; 0; 0; 0; 0; 0; 0; 0; 0; 0.038; 0.001; 0; 0; 0.1; 0.1; 0.003; 0.055; 0; 0.208; 0.001; 0; 0.011; 0.018; 0; 0.001; 0; 0.042; 0.1;0.2
0.0001; 0; 0.12; 0.08; 0; 0; 0; 0; 0; 0; 0; 0; 0; 0; 0; 0; 0; 0; 0; 0; 0; 0; 0.039; 0.002; 0; 0; 0.1; 0.1; 0.005; 0.054; 0; 0.209; 0.002; 0.001; 0.011; 0.019; 0; 0.001; 0; 0.042; 0.1;0.2
0; 0; 0.12; 0.05; 0; 0; 0; 0; 0; 0; 0; 0; 0; 0; 0; 0; 0; 0; 0; 0; 0; 0; 0.045; 0.001; 0; 0; 0.1; 0.1; 0.002; 0.056; 0; 0.215; 0.001; 0; 0.012; 0.021; 0; 0.001; 0; 0.044; 0.1;0.2
0.0001; 0; 0.12; 0.08; 0; 0; 0; 0; 0; 0; 0; 0; 0; 0; 0; 0; 0; 0; 0; 0; 0; 0; 0.046; 0.002; 0; 0; 0.1; 0.1; 0.004; 0.054; 0; 0.216; 0.002; 0.001; 0.012; 0.021; 0; 0.001; 0; 0.044; 0.1;0.2
0; 0; 0.12; 0.05; 0; 0; 0; 0; 0; 0; 0; 0; 0; 0; 0; 0; 0; 0; 0; 0; 0; 0; 0.047; 0.001; 0; 0; 0.1; 0.1; 0.002; 0.055; 0; 0.217; 0.001; 0; 0.012; 0.022; 0; 0.001; 0; 0.044; 0.1;0.2
0; 0.02; 0.06; 0; 0.0002; 0; 0; 0; 0; 0; 0; 0; 0; 0; 0; 0; 0; 0; 0; 0; 0; 0; 0.002; 0.002; 0; 0; 0; 0; 0.1; 0; 0; 0.144; 0.002; 0.001; 0.004; 0.002; 0; 0.001; 0; 0; 0;0.1
0; 0.01; 0.12; 0; 1E-05; 0; 0; 0; 0; 0; 0; 0; 0; 0; 0; 0; 0; 0; 0; 0; 0; 0; 0.002; 0.001; 0; 0; 0; 0; 0.05; 0.1; 0; 0.146; 0.001; 0.001; 0.005; 0.001; 0; 0.001; 0; 0; 0;0.1
0; 0.01; 0.12; 0; 1E-05; 0; 0; 0; 0; 0; 0; 0; 0; 0; 0; 0; 0; 0; 0; 0; 0; 0; 0.003; 0.002; 0; 0; 0; 0; 0.067; 0.067; 0; 0.147; 0.002; 0.001; 0.005; 0.001; 0; 0.001; 0; 0; 0;0.1
0; 0.01; 0.12; 0; 1E-05; 0; 0; 0; 0; 0; 0; 0; 0; 0; 0; 0; 0; 0; 0; 0; 0; 0; 0.004; 0.001; 0; 0; 0; 0; 0.025; 0.075; 0; 0.148; 0.001; 0.001; 0.005; 0.002; 0; 0.001; 0; 0; 0;0.1
0; 0.01; 0.02; 0; 1E-05; 0; 0; 0; 0; 0; 0; 0; 0; 0; 0; 0; 0; 0; 0; 0; 0; 0; 0.006; 0.001; 0; 0; 0; 0; 0.017; 0.067; 0; 0.15; 0.001; 0.001; 0.006; 0.003; 0; 0.001; 0; 0; 0;0.1
0.0001; 0; 0.04; 0; 6E-05; 0.01405; 0; 0; 0; 0; 0; 0; 0; 0; 0; 0; 0; 0; 0; 0; 0; 0; 0.008; 0.002; 0; 0; 0; 0; 0.025; 0.062; 0; 0.152; 0.004; 0.003; 0.006; 0.001; 0; 0.001; 0; 0; 0;0.1
0.0001; 0; 0.04; 0; 6E-05; 0.00015; 0; 0; 0; 0; 0; 0; 0; 0; 0; 0; 0; 0; 0; 0; 0; 0; 0.006; 0.003; 0; 0; 0; 0; 0.05; 0.05; 0; 0.153; 0.005; 0.003; 0.006; 0.001; 0; 0.001; 0; 0; 0;0.1
0.0001; 0; 0.04; 0; 9E-05; 0.00044; 0; 0; 0; 0; 0; 0; 0; 0; 0; 0; 0; 0; 0; 0; 0; 0; 0.004; 0.004; 0; 0; 0; 0; 0.1; 0; 0; 0.154; 0.006; 0.004; 0.006; 0.001; 0; 0.001; 0; 0; 0;0.1
0; 0; 0.04; 0; 9E-05; 0.00196; 0; 0; 0; 0.1; 0; 0; 0; 0; 0; 0; 0; 0; 0; 0; 0; 0; 0.005; 0.005; 0; 0; 0; 0; 0.1; 0; 0; 0.155; 0.007; 0.005; 0.006; 0.001; 0; 0.001; 0; 0; 0;0.1
0; 0; 0.24; 0.05; 0; 0; 0; 0; 0; 0; 0; 0; 0; 0; 0; 0; 0; 0; 0; 0; 0; 0; 0.004; 0.001; 0; 0; 0.025; 0.1; 0.025; 0.05; 0; 0.157; 0.001; 0.001; 0.006; 0.001; 0; 0.001; 0; 0.001; 0.1;0.1
0; 0; 0; 0.05; 0; 0; 0; 0; 0; 0; 0; 0; 0; 0; 0; 0; 0; 0; 0; 0; 0; 0; 0.005; 0.001; 0; 0; 0.04; 0.1; 0.02; 0.06; 0; 0.158; 0.001; 0.001; 0.007; 0.001; 0; 0.001; 0; 0.001; 0.1;0.1
0.0001; 0; 0.07; 0; 6E-05; 0.00075; 0; 0; 0; 0; 0; 0; 0; 0; 0; 0; 0; 0; 0; 0; 0; 0; 0.006; 0.001; 0; 0; 0.033; 0; 0.017; 0.067; 0; 0.159; 0.001; 0.001; 0.008; 0.001; 0; 0.001; 0; 0.001; 0;0.1
0.0003; 0; 0.05; 0; 0.00054; 0.00114; 0; 0; 0; 0; 0; 0; 0; 0; 0; 0; 0; 0; 0; 0; 0; 0; 0.007; 0.001; 0; 0; 0.029; 0; 0.014; 0.071; 0; 0.16; 0.029; 0.018; 0.008; 0.001; 0; 0.001; 0.003; 0.001; 0;0.1
0; 0; 0.36; 0.05; 0; 0; 0; 0; 0; 0; 0; 0; 0; 0; 0; 0; 0; 0; 0; 0; 0; 0; 0.007; 0.001; 0; 0; 0.043; 0.1; 0.014; 0.1; 0; 0.162; 0.001; 0.001; 0.008; 0.001; 0; 0.001; 0; 0.002; 0.1;0.1
0.0001; 0; 0.37; 0; 6E-05; 0.00023; 0; 0; 0; 0; 0; 0.1; 0; 0; 0; 0; 0; 0; 0; 0; 0; 0; 0.008; 0.001; 0; 0; 0.038; 0; 0.012; 0.1; 0; 0.163; 0.001; 0.001; 0.009; 0.001; 0; 0.001; 0; 0.002; 0;0.1
0; 0; 0.32; 0.05; 0; 0; 0; 0; 0; 0; 0; 0; 0; 0; 0; 0; 0; 0; 0; 0; 0; 0; 0.009; 0.001; 0; 0; 0.044; 0.1; 0.011; 0.1; 0; 0.164; 0.001; 0.001; 0.009; 0.001; 0; 0.001; 0; 0.002; 0.1;0.1
0; 0; 0.38; 0; 0.00044; 0.00672; 0; 0; 0; 0; 0; 0; 0; 0; 0; 0; 0; 0; 0; 0; 0; 0; 0.005; 0.001; 0; 0; 0.04; 0; 0.02; 0.1; 0; 0.165; 0.001; 0.001; 0.01; 0.001; 0; 0.001; 0; 0.002; 0;0.1
0; 0.01; 0.1; 0; 0.0004; 0.00444; 0; 0; 0; 0; 0; 0; 0; 0; 0; 0; 0; 0; 0; 0; 0; 0; 0.006; 0.001; 0; 0; 0.033; 0; 0.017; 0.1; 0; 0.166; 0.001; 0.001; 0.01; 0.001; 0; 0.001; 0; 0.002; 0;0.1
0; 0.02; 0.06; 0; 0.0002; 0; 0; 0; 0; 0; 0; 0; 0; 0; 0; 0; 0; 0; 0; 0; 0; 0; 0.002; 0.002; 0; 0; 0; 0; 0.1; 0; 0; 0.255; 0.002; 0.001; 0.002; 0.001; 0; 0; 0; 0; 0;0.1
0; 0.02; 0.06; 0; 0.0002; 0; 0; 0; 0; 0; 0; 0; 0; 0; 0; 0; 0; 0; 0; 0; 0; 0; 0.001; 0.001; 0; 0; 0; 0; 0.1; 0; 0; 0.255; 0.003; 0.001; 0.002; 0.001; 0; 0; 0; 0; 0;0.1
0; 0.02; 0.06; 0; 0.0002; 0; 0; 0; 0; 0; 0; 0; 0; 0; 0; 0; 0; 0; 0; 0; 0; 0; 0.002; 0.002; 0; 0; 0; 0; 0.1; 0; 0; 0.255; 0.004; 0.002; 0.002; 0.002; 0; 0; 0; 0; 0;0.1
0; 0.02; 0.09; 0; 0.0002; 0; 0; 0; 0; 0; 0; 0; 0; 0; 0; 0; 0; 0; 0; 0; 0; 0; 0.002; 0.002; 0; 0; 0; 0; 0.1; 0; 0; 0.002; 0.002; 0.1; 0; 0.1; 0; 0; 0; 0; 0;0.1
0; 0.02; 0.09; 0; 0.0002; 0; 0; 0; 0; 0; 0; 0; 0; 0; 0; 0; 0; 0; 0; 0; 0; 0; 0.003; 0.003; 0; 0; 0; 0; 0.1; 0; 0; 0.003; 0.003; 0.1; 0; 0.1; 0; 0; 0; 0; 0;0.1
0; 0.02; 0.09; 0; 0.0002; 0; 0; 0; 0; 0; 0; 0; 0; 0; 0; 0; 0; 0; 0; 0; 0; 0; 0.004; 0.004; 0; 0; 0; 0; 0.1; 0; 0; 0.004; 0.004; 0.1; 0; 0.1; 0; 0; 0; 0; 0;0.1
0; 0; 0.04; 0; 6E-05; 0.00025; 0; 0; 0; 0; 0; 0; 0; 0; 0; 0; 0; 0; 0; 0; 0; 0; 0.003; 0.002; 0; 0; 0; 0; 0.067; 0.067; 0; 0.255; 0.002; 0.001; 0.002; 0; 0; 0; 0; 0; 0;0.1
0.0001; 0; 0.04; 0; 6E-05; 0.00032; 0; 0; 0; 0; 0; 0; 0; 0; 0; 0; 0; 0; 0; 0; 0; 0; 0.004; 0.003; 0; 0; 0; 0; 0.075; 0.05; 0; 0.255; 0.003; 0.001; 0.002; 0; 0; 0; 0; 0; 0;0.1
0.0001; 0; 0.04; 0; 9E-05; 0.00178; 0; 0; 0; 0.1; 0; 0; 0; 0; 0; 0; 0; 0; 0; 0; 0; 0; 0.003; 0.003; 0; 0; 0; 0; 0.1; 0; 0; 0.255; 0.004; 0.002; 0.002; 0; 0; 0; 0; 0; 0;0.1
0.0001; 0; 0.04; 0; 9E-05; 0.00028; 0; 0; 0; 0; 0; 0; 0; 0; 0; 0; 0; 0; 0; 0; 0; 0; 0.003; 0.003; 0; 0; 0; 0; 0.1; 0; 0; 0.255; 0.005; 0.002; 0.002; 0; 0; 0; 0; 0; 0;0.1
0.0001; 0; 0.04; 0; 0.0001; 0.00186; 0; 0; 0; 0; 0; 0; 0; 0; 0; 0; 0; 0; 0; 0; 0; 0; 0.003; 0.003; 0; 0; 0; 0; 0.1; 0; 0; 0.255; 0.006; 0.002; 0.002; 0; 0; 0; 0; 0; 0;0.1
0; 0; 0; 0; 6E-05; 0.00143; 0; 0; 0; 0.3; 0; 0.1; 0; 0; 0; 0; 0; 0; 0; 0; 0; 0; 0.002; 0.001; 0; 0; 0; 0; 0.05; 0.1; 0; 0.255; 0.24; 0.094; 0.002; 0; 0; 0; 0; 0; 0;0.1
0; 0; 0; 0; 0.00221; 0.02025; 0; 0; 0; 0; 0; 0.1; 0; 0; 0; 0; 0; 0; 0; 0; 0; 0; 0.001; 0.001; 0; 0; 0; 0; 0.1; 0; 0; 0.001; 0.255; 0.1; 0; 0.1; 0.004; 0; 0; 0; 0;0.0
0; 0; 0; 0; 0.00217; 0.63479; 0; 0; 0; 0; 0; 0.1; 0; 0; 0; 0; 0; 0; 0; 0; 0; 0; 0.002; 0.002; 0; 0; 0; 0; 0.1; 0; 0; 0.002; 0.255; 0.1; 0; 0.05; 0.004; 0; 0; 0; 0;0.0
0; 0; 0; 0; 0.00253; 0.01752; 0; 0; 0; 0; 0; 0.1; 0; 0; 0; 0; 0; 0; 0; 0; 0; 0; 0.003; 0.003; 0; 0; 0; 0; 0.1; 0; 0; 0.003; 0.255; 0.1; 0; 0.033; 0.004; 0; 0; 0; 0;0.0
0; 0; 0; 0; 0.00318; 0.63479; 0; 0; 0; 0; 0; 0.1; 0; 0; 0; 0; 0; 0; 0; 0; 0; 0; 0.001; 0.001; 0; 0; 0; 0; 0.1; 0; 0; 0.004; 0.255; 0.1; 0; 0.025; 0.004; 0; 0; 0; 0;0.0
0; 0; 0; 0; 0.00354; 0.01752; 0; 0; 0; 0; 0; 0.1; 0; 0; 0; 0; 0; 0; 0; 0; 0; 0; 0.002; 0.002; 0; 0; 0; 0; 0.1; 0; 0; 0.005; 0.255; 0.1; 0; 0.02; 0.004; 0; 0; 0; 0;0.0
0; 0; 0; 0; 0.00322; 0.02025; 0; 0; 0; 0; 0; 0.1; 0; 0; 0; 0; 0; 0; 0; 0; 0; 0; 0.003; 0.003; 0; 0; 0; 0; 0.1; 0; 0; 0.006; 0.255; 0.1; 0; 0.017; 0.004; 0; 0; 0; 0;0.0
0; 0; 0; 0; 0.00167; 0.0035; 0; 0; 0; 0; 0; 0.1; 0; 0; 0; 0; 0; 0; 0; 0; 0; 0; 0.001; 0.001; 0; 0; 0; 0; 0.1; 0; 0; 0.001; 0.255; 0.1; 0; 0.1; 0.004; 0; 0; 0; 0;0.0
0; 0; 0; 0; 0.00207; 0.00621; 0; 0; 0; 0; 0; 0.1; 0; 0; 0; 0; 0; 0; 0; 0; 0; 0; 0.001; 0.001; 0; 0; 0; 0; 0.1; 0; 0; 0.001; 0.255; 0.1; 0; 0.1; 0.004; 0; 0; 0; 0;0.0
0; 0; 0; 0; 0.00206; 0.0915; 0; 0; 0; 0; 0; 0.1; 0; 0; 0; 0; 0; 0; 0; 0; 0; 0; 0.002; 0.002; 0; 0; 0; 0; 0.1; 0; 0; 0.002; 0.255; 0.1; 0; 0.05; 0.004; 0; 0; 0; 0;0.0
0; 0; 0; 0; 0.00207; 0.0869; 0; 0; 0; 0; 0; 0.1; 0; 0; 0; 0; 0; 0; 0; 0; 0; 0; 0.003; 0.003; 0; 0; 0; 0; 0.1; 0; 0; 0.003; 0.255; 0.1; 0; 0.033; 0.004; 0; 0; 0; 0;0.0
0; 0; 0; 0; 0.00208; 0.04106; 0; 0; 0; 0; 0; 0.1; 0; 0; 0; 0; 0; 0; 0; 0; 0; 0; 0.004; 0.004; 0; 0; 0; 0; 0.1; 0; 0; 0.004; 0.255; 0.1; 0; 0.025; 0.004; 0; 0; 0; 0;0.0
0; 0; 0.12; 0.05; 0; 0; 0; 0; 0; 0; 0; 0; 0; 0; 0; 0; 0; 0; 0; 0; 0; 0; 0.168; 0.001; 0.004; 0; 0.089; 0.1; 0.001; 0.099; 0; 0.255; 0.001; 0; 0.067; 0; 0; 0.002; 0; 0.059; 0.1;0.1
0; 0; 0.12; 0.05; 0; 0; 0; 0; 0; 0; 0; 0; 0; 0; 0; 0; 0; 0; 0; 0; 0; 0; 0.169; 0.001; 0.004; 0; 0.089; 0.1; 0.001; 0.099; 0; 0.255; 0.001; 0; 0.067; 0; 0; 0.002; 0; 0.06; 0.1;0.1
0; 0; 0.12; 0.05; 0; 0; 0; 0; 0; 0; 0; 0; 0; 0; 0; 0; 0; 0; 0; 0; 0; 0; 0.17; 0.001; 0.004; 0; 0.089; 0.1; 0.001; 0.099; 0; 0.255; 0.001; 0; 0.067; 0; 0; 0.002; 0; 0.06; 0.1;0.1
0; 0; 0.12; 0.05; 0; 0; 0; 0; 0; 0; 0; 0; 0; 0; 0; 0; 0; 0; 0; 0; 0; 0; 0.171; 0.001; 0.004; 0; 0.089; 0.1; 0.001; 0.099; 0; 0.255; 0.001; 0; 0.068; 0; 0; 0.002; 0; 0.06; 0.1;0.1
0; 0; 0.12; 0.05; 0; 0; 0; 0; 0; 0; 0; 0; 0; 0; 0; 0; 0; 0; 0; 0; 0; 0; 0.173; 0.001; 0.003; 0; 0.09; 0.1; 0.001; 0.099; 0; 0.255; 0.001; 0; 0.069; 0; 0; 0.002; 0; 0.061; 0.1;0.1
0; 0; 0.12; 0.05; 0; 0; 0; 0; 0; 0; 0; 0; 0; 0; 0; 0; 0; 0; 0; 0; 0; 0; 0.175; 0.001; 0.003; 0; 0.09; 0.1; 0.001; 0.099; 0; 0.255; 0.001; 0; 0.069; 0; 0; 0.002; 0; 0.062; 0.1;0.1
0; 0; 0.12; 0.05; 0; 0; 0; 0; 0; 0; 0; 0; 0; 0; 0; 0; 0; 0; 0; 0; 0; 0; 0.176; 0.001; 0.003; 0; 0.09; 0.1; 0.001; 0.099; 0; 0.255; 0.001; 0; 0.07; 0; 0; 0.002; 0; 0.062; 0.1;0.1
0; 0; 0.12; 0.05; 0; 0; 0; 0; 0; 0; 0; 0; 0; 0; 0; 0; 0; 0; 0; 0; 0; 0; 0.178; 0.001; 0.003; 0; 0.09; 0.1; 0.001; 0.099; 0; 0.255; 0.001; 0; 0.071; 0; 0; 0.002; 0; 0.063; 0.1;0.1
0; 0; 0.12; 0.05; 0; 0; 0; 0; 0; 0; 0; 0; 0; 0; 0; 0; 0; 0; 0; 0; 0; 0; 0.179; 0.001; 0.003; 0; 0.09; 0.1; 0.001; 0.099; 0; 0.255; 0.001; 0; 0.071; 0; 0; 0.002; 0; 0.064; 0.1;0.1
0; 0; 0.12; 0.05; 0; 0; 0; 0; 0; 0; 0; 0; 0; 0; 0; 0; 0; 0; 0; 0; 0; 0; 0.18; 0.001; 0.003; 0; 0.09; 0.1; 0.001; 0.099; 0; 0.255; 0.001; 0; 0.071; 0; 0; 0.002; 0; 0.064; 0.1;0.1
0; 0; 0.12; 0.05; 0; 0; 0; 0; 0; 0; 0; 0; 0; 0; 0; 0; 0; 0; 0; 0; 0; 0; 0.182; 0.001; 0.003; 0; 0.09; 0.1; 0.001; 0.099; 0; 0.255; 0.001; 0; 0.072; 0; 0; 0.002; 0; 0.065; 0.1;0.1
0.0001; 0; 0.12; 0.09; 0; 0; 0; 0; 0; 0; 0; 0; 0; 0; 0; 0; 0; 0; 0; 0; 0; 0; 0.002; 0.002; 0.05; 0.05; 0.05; 0.05; 0.1; 0; 0; 0.255; 0.002; 0.001; 0.001; 0.001; 0; 0; 0.05; 0; 0.05;0.2
0; 0; 0.12; 0.07; 0; 0; 0; 0; 0; 0; 0; 0; 0; 0; 0; 0; 0; 0; 0; 0; 0; 0; 0.004; 0.002; 0.075; 0.1; 0.025; 0; 0.05; 0.05; 0; 0.255; 0.002; 0.001; 0.001; 0.002; 0; 0.001; 0.1; 0; 0;0.2
0; 0; 0.12; 0.07; 0; 0; 0; 0; 0; 0; 0; 0; 0; 0; 0; 0; 0; 0; 0; 0; 0; 0; 0.005; 0.001; 0.08; 0.1; 0.02; 0; 0.02; 0.06; 0; 0.255; 0.001; 0; 0.002; 0.002; 0; 0.002; 0.1; 0; 0;0.2
0.0001; 0; 0.12; 0.09; 0; 0; 0; 0; 0; 0; 0; 0; 0; 0; 0; 0; 0; 0; 0; 0; 0; 0; 0.006; 0.002; 0.067; 0.05; 0.033; 0.05; 0.033; 0.05; 0; 0.255; 0.002; 0.001; 0.002; 0.002; 0; 0.002; 0.05; 0.001; 0.05;0.2
0; 0; 0.12; 0.07; 0; 0; 0; 0; 0; 0; 0; 0; 0; 0; 0; 0; 0; 0; 0; 0; 0; 0; 0.007; 0.001; 0.071; 0.1; 0.029; 0; 0.014; 0.057; 0; 0.255; 0.001; 0; 0.002; 0.003; 0; 0.002; 0.1; 0.001; 0;0.2
0; 0; 0.12; 0.07; 0; 0; 0; 0; 0; 0; 0; 0; 0; 0; 0; 0; 0; 0; 0; 0; 0; 0; 0.008; 0.002; 0.075; 0.1; 0.025; 0; 0.025; 0.05; 0; 0.255; 0.002; 0.001; 0.002; 0.003; 0; 0.002; 0.1; 0.001; 0;0.2
0.0001; 0; 0.12; 0.09; 0; 0; 0; 0; 0; 0; 0; 0; 0; 0; 0; 0; 0; 0; 0; 0; 0; 0; 0.01; 0.002; 0.07; 0.05; 0.03; 0.05; 0.02; 0.05; 0; 0.255; 0.002; 0.001; 0.002; 0.004; 0; 0.003; 0.05; 0.001; 0.05;0.2
0; 0; 0.28; 0.07; 0; 0; 0; 0; 0; 0; 0; 0; 0; 0; 0; 0; 0; 0; 0; 0; 0; 0; 0.011; 0.001; 0.073; 0.1; 0.027; 0; 0.009; 0.055; 0; 0.255; 0.001; 0; 0.003; 0.004; 0; 0.003; 0.1; 0.001; 0;0.2
0; 0; 0.28; 0.07; 0; 0; 0; 0; 0; 0; 0; 0; 0; 0; 0; 0; 0; 0; 0; 0; 0; 0; 0.012; 0.002; 0.075; 0.1; 0.025; 0; 0.017; 0.05; 0; 0.255; 0.002; 0.001; 0.003; 0.005; 0; 0.004; 0.1; 0.001; 0;0.2
0; 0; 0.12; 0.07; 0; 0; 0; 0; 0; 0; 0; 0; 0; 0; 0; 0; 0; 0; 0; 0; 0; 0; 0.014; 0.001; 0.079; 0.1; 0.021; 0; 0.007; 0.05; 0; 0.255; 0.001; 0; 0.003; 0.005; 0; 0.004; 0.1; 0.001; 0;0.2
0; 0; 0.12; 0.07; 0; 0; 0; 0; 0; 0; 0; 0; 0; 0; 0; 0; 0; 0; 0; 0; 0; 0; 0.017; 0.001; 0.076; 0.1; 0.024; 0; 0.006; 0.047; 0; 0.255; 0.001; 0; 0.004; 0.007; 0; 0.005; 0.1; 0.002; 0;0.2
0; 0; 0.12; 0.07; 0; 0; 0; 0; 0; 0; 0; 0; 0; 0; 0; 0; 0; 0; 0; 0; 0; 0; 0.091; 0.002; 0.1; 0.1; 0; 0; 0.002; 0.007; 0; 0.145; 0.002; 0.001; 0.007; 0.001; 0; 0.1; 0.1; 0; 0;0.3
0; 0; 0.12; 0.07; 0; 0; 0; 0; 0; 0; 0; 0; 0; 0; 0; 0; 0; 0; 0; 0; 0; 0; 0.092; 0.003; 0.1; 0.1; 0; 0; 0.003; 0.007; 0; 0.146; 0.003; 0.002; 0.007; 0.001; 0; 0.1; 0.1; 0; 0;0.3
0; 0; 0.12; 0.07; 0; 0; 0; 0; 0; 0; 0; 0; 0; 0; 0; 0; 0; 0; 0; 0; 0; 0; 0.093; 0.004; 0.1; 0.1; 0; 0; 0.004; 0.006; 0; 0.147; 0.004; 0.003; 0.007; 0.001; 0; 0.1; 0.1; 0; 0;0.3
0; 0; 0.12; 0.07; 0; 0; 0; 0; 0; 0; 0; 0; 0; 0; 0; 0; 0; 0; 0; 0; 0; 0; 0.094; 0.011; 0.1; 0.1; 0; 0; 0.012; 0.006; 0; 0.148; 0.011; 0.007; 0.007; 0.001; 0; 0.1; 0.1; 0; 0;0.3
0; 0; 0.12; 0.07; 0; 0; 0; 0; 0; 0; 0; 0; 0; 0; 0; 0; 0; 0; 0; 0; 0; 0; 0.095; 0.012; 0.1; 0.1; 0; 0; 0.013; 0.006; 0; 0.149; 0.012; 0.008; 0.007; 0.001; 0; 0.1; 0.1; 0; 0;0.3
0; 0; 0.12; 0.07; 0; 0; 0; 0; 0; 0; 0; 0; 0; 0; 0; 0; 0; 0; 0; 0; 0; 0; 0.096; 0.013; 0.1; 0.1; 0; 0; 0.014; 0.006; 0; 0.15; 0.013; 0.009; 0.007; 0.001; 0; 0.1; 0.1; 0; 0;0.3
0; 0; 0.12; 0.07; 0; 0; 0; 0; 0; 0; 0; 0; 0; 0; 0; 0; 0; 0; 0; 0; 0; 0; 0.097; 0.014; 0.1; 0.1; 0; 0; 0.014; 0.006; 0; 0.151; 0.014; 0.009; 0.007; 0.001; 0; 0.1; 0.1; 0; 0;0.3
0; 0; 0.12; 0.07; 0; 0; 0; 0; 0; 0; 0; 0; 0; 0; 0; 0; 0; 0; 0; 0; 0; 0; 0.075; 0.013; 0.1; 0.1; 0; 0; 0.017; 0.007; 0; 0.152; 0.013; 0.009; 0.007; 0.001; 0; 0.1; 0.1; 0; 0;0.3
0; 0; 0.12; 0.07; 0; 0; 0; 0; 0; 0; 0; 0; 0; 0; 0; 0; 0; 0; 0; 0; 0; 0; 0.098; 0.015; 0.1; 0.1; 0; 0; 0.015; 0.006; 0; 0.153; 0.015; 0.01; 0.007; 0.001; 0; 0.1; 0.1; 0; 0;0.3
0; 0; 0.12; 0.07; 0; 0; 0; 0; 0; 0; 0; 0; 0; 0; 0; 0; 0; 0; 0; 0; 0; 0; 0.099; 0.016; 0.1; 0.1; 0; 0; 0.016; 0.006; 0; 0.154; 0.016; 0.01; 0.006; 0.001; 0; 0.1; 0.1; 0; 0;0.3
0; 0; 0.12; 0.07; 0; 0; 0; 0; 0; 0; 0; 0; 0; 0; 0; 0; 0; 0; 0; 0; 0; 0; 0.1; 0.017; 0.1; 0.1; 0; 0; 0.017; 0.006; 0; 0.155; 0.017; 0.011; 0.006; 0.001; 0; 0.1; 0.1; 0; 0;0.3