0.0023, 0, 0.05, 0, 0.00104, 0.00276, 0, 0, 0, 0, 0.5, 0, 0, 0, 0, 0, 0, 0, 0, 0, 0, 0, 0.001, 0.001, 0, 0, 0, 0, 0.1, 0, 0, 0.001, 0.002, 0.1, 0, 0.1, 0.1, 0, 0, 0, 0
0, 0, 0.05, 0.06, 0.00125, 0.00179, 0, 0, 0, 0.1, 0.1, 0, 0, 0, 0, 0, 0, 0, 0, 0, 0, 0, 0.002, 0.002, 0, 0, 0.1, 0.1, 0.1, 0, 0, 0.003, 0.003, 0.1, 0, 0.033, 0, 0.033, 0.033, 0.067, 0.067
0, 0, 0.05, 0.06, 0.00125, 0.00179, 0, 0, 0, 0.1, 0.1, 0, 0, 0, 0, 0, 0, 0, 0, 0, 0, 0, 0.002, 0.002, 0, 0, 0.1, 0.1, 0.1, 0, 0, 0.006, 0.006, 0.1, 0, 0.017, 0, 0.017, 0.017, 0.083, 0.083
0, 0, 0.05, 0.06, 0.00125, 0.00179, 0, 0, 0, 0.1, 0.1, 0, 0, 0, 0, 0, 0, 0, 0, 0, 0, 0, 0.002, 0.002, 0, 0, 0.1, 0.1, 0.1, 0, 0, 0.007, 0.007, 0.1, 0, 0.014, 0, 0.014, 0.014, 0.086, 0.086
0, 0, 0.05, 0.06, 0.00125, 0.00179, 0, 0, 0, 0.1, 0.1, 0, 0, 0, 0, 0, 0, 0, 0, 0, 0, 0, 0.002, 0.002, 0, 0, 0.1, 0.1, 0.1, 0, 0, 0.008, 0.008, 0.1, 0, 0.012, 0, 0.012, 0.012, 0.088, 0.088
0, 0, 0.05, 0.06, 0.00126, 0.00179, 0, 0, 0, 0.1, 0.1, 0, 0, 0, 0, 0, 0, 0, 0, 0, 0, 0, 0.002, 0.002, 0, 0, 0.1, 0.1, 0.1, 0, 0, 0.018, 0.018, 0.1, 0, 0.006, 0, 0.006, 0.006, 0.094, 0.094
0, 0, 0.05, 0.06, 0.00126, 0.00179, 0, 0, 0, 0.1, 0.1, 0, 0, 0, 0, 0, 0, 0, 0, 0, 0, 0, 0.002, 0.002, 0, 0, 0.1, 0.1, 0.1, 0, 0, 0.019, 0.019, 0.1, 0, 0.005, 0, 0.005, 0.005, 0.095, 0.095
0, 0, 0.05, 0.06, 0.00126, 0.00179, 0, 0, 0, 0.1, 0.1, 0, 0, 0, 0, 0, 0, 0, 0, 0, 0, 0, 0.002, 0.002, 0, 0, 0.1, 0.1, 0.1, 0, 0, 0.02, 0.02, 0.1, 0, 0.005, 0, 0.005, 0.005, 0.095, 0.095
0, 0, 0.05, 0.06, 0.00126, 0.00179, 0, 0, 0, 0.1, 0.1, 0, 0, 0, 0, 0, 0, 0, 0, 0, 0, 0, 0.002, 0.002, 0, 0, 0.1, 0.1, 0.1, 0, 0, 0.021, 0.021, 0.1, 0, 0.005, 0, 0.005, 0.005, 0.095, 0.095
0, 0, 0.05, 0.06, 0.00126, 0.00179, 0, 0, 0, 0.1, 0.1, 0, 0, 0, 0, 0, 0, 0, 0, 0, 0, 0, 0.001, 0.001, 0, 0, 0.1, 0.1, 0.1, 0, 0, 0.027, 0.027, 0.1, 0, 0.004, 0, 0.007, 0.007, 0.093, 0.093
0, 0, 0.05, 0.06, 0.00126, 0.00179, 0, 0, 0, 0.1, 0.1, 0, 0, 0, 0, 0, 0, 0, 0, 0, 0, 0, 0.001, 0.001, 0, 0, 0.1, 0.1, 0.1, 0, 0, 0.028, 0.028, 0.1, 0, 0.004, 0, 0.007, 0.007, 0.093, 0.093
0, 0, 0.05, 0.06, 0.00126, 0.00179, 0, 0, 0, 0.1, 0.1, 0, 0, 0, 0, 0, 0, 0, 0, 0, 0, 0, 0.001, 0.001, 0, 0, 0.1, 0.1, 0.1, 0, 0, 0.031, 0.031, 0.1, 0, 0.003, 0, 0.006, 0.006, 0.094, 0.094
0, 0, 0.05, 0.06, 0.00126, 0.00179, 0, 0, 0, 0.1, 0.1, 0, 0, 0, 0, 0, 0, 0, 0, 0, 0, 0, 0.002, 0.002, 0, 0, 0.1, 0.1, 0.1, 0, 0, 0.035, 0.035, 0.1, 0, 0.003, 0, 0.006, 0.006, 0.094, 0.094
0, 0, 0.05, 0.08, 0.00126, 0.00179, 0, 0, 0, 0.2, 0.1, 0, 0, 0, 0, 0, 0, 0, 0, 0, 0, 0, 0.002, 0.002, 0, 0, 0.1, 0.1, 0.1, 0, 0, 0.037, 0.037, 0.1, 0, 0.005, 0, 0.005, 0.005, 0.095, 0.095
0, 0, 0.05, 0.06, 0.00126, 0.00179, 0, 0, 0, 0.1, 0.1, 0, 0, 0, 0, 0, 0, 0, 0, 0, 0, 0, 0.003, 0.003, 0, 0, 0.1, 0.1, 0.1, 0, 0, 0.038, 0.038, 0.1, 0, 0.003, 0, 0.005, 0.005, 0.095, 0.095
0, 0, 0.05, 0.06, 0.00126, 0.00179, 0, 0, 0, 0.1, 0.1, 0, 0, 0, 0, 0, 0, 0, 0, 0, 0, 0, 0.001, 0.001, 0, 0, 0.1, 0.1, 0.1, 0, 0, 0.039, 0.039, 0.1, 0, 0.003, 0, 0.005, 0.005, 0.095, 0.095
0, 0, 0.05, 0.08, 0.00126, 0.00179, 0, 0, 0, 0.2, 0.1, 0, 0, 0, 0, 0, 0, 0, 0, 0, 0, 0, 0.001, 0.001, 0, 0, 0.1, 0.1, 0.1, 0, 0, 0.04, 0.04, 0.1, 0, 0.003, 0, 0.005, 0.005, 0.095, 0.095
0, 0, 0.05, 0.06, 0.00126, 0.00179, 0, 0, 0, 0.1, 0.1, 0, 0, 0, 0, 0, 0, 0, 0, 0, 0, 0, 0.001, 0.001, 0, 0, 0.1, 0.1, 0.1, 0, 0, 0.044, 0.044, 0.1, 0, 0.002, 0, 0.005, 0.005, 0.095, 0.095
0, 0, 0.05, 0.06, 0.00126, 0.00179, 0, 0, 0, 0.1, 0.1, 0, 0, 0, 0, 0, 0, 0, 0, 0, 0, 0, 0.001, 0.001, 0, 0, 0.1, 0.1, 0.1, 0, 0, 0.045, 0.045, 0.1, 0, 0.002, 0, 0.004, 0.004, 0.096, 0.096
0, 0, 0.05, 0.06, 0.00126, 0.00179, 0, 0, 0, 0.1, 0.1, 0, 0, 0, 0, 0, 0, 0, 0, 0, 0, 0, 0.001, 0.001, 0, 0, 0.1, 0.1, 0.1, 0, 0, 0.046, 0.046, 0.1, 0, 0.002, 0, 0.004, 0.004, 0.096, 0.096
0, 0, 0.05, 0.06, 0.00126, 0.00179, 0, 0, 0, 0.1, 0.1, 0, 0, 0, 0, 0, 0, 0, 0, 0, 0, 0, 0.001, 0.001, 0, 0, 0.1, 0.1, 0.1, 0, 0, 0.048, 0.048, 0.1, 0, 0.002, 0, 0.004, 0.004, 0.096, 0.096
0, 0, 0.05, 0.06, 0.00126, 0.00179, 0, 0, 0, 0.1, 0.1, 0, 0, 0, 0, 0, 0, 0, 0, 0, 0, 0, 0.001, 0.001, 0, 0, 0.1, 0.1, 0.1, 0, 0, 0.05, 0.05, 0.1, 0, 0.002, 0, 0.004, 0.004, 0.096, 0.096
0.0001, 0, 0.05, 0, 0.00123, 0.02053, 0, 0, 0, 0.1, 0, 0.1, 0, 0, 0, 0, 0, 0, 0, 0, 0, 0.1, 0.001, 0.001, 0, 0, 0, 0, 0.1, 0, 0, 0.052, 0.052, 0.1, 0, 0.002, 0, 0.004, 0.004, 0.094, 0.094
